Brian Cano HW2 output 
In [226]: %run -i "C:\Users\bcano\Documents\python_crib\BrianCano_HW2.py"
Matrix A: 
 [[1.86006012 0.3943563  4.68020869 1.07172327 3.31025772]
 [3.53897172 0.18100143 2.05483119 3.72995422 0.22806378]
 [3.46364954 4.92121716 4.50790895 3.44826817 3.05509236]]
Size of A: 
 15
Shape (rows columns) of A: 
 (3, 5)
Matrix A resized; last column dropped: 
 [[1.86006012 0.3943563  4.68020869 1.07172327]
 [3.53897172 0.18100143 2.05483119 3.72995422]
 [3.46364954 4.92121716 4.50790895 3.44826817]]
B is the transpose of A: 
 [[1.86006012 3.53897172 3.46364954]
 [0.3943563  0.18100143 4.92121716]
 [4.68020869 2.05483119 4.50790895]
 [1.07172327 3.72995422 3.44826817]]
min value of column 1 in matrix B: 
 0.18100143271091107
Min of A: 
 0.18100143271091107
Max of A: 
 4.921217155909183
Vector X: 
 [0.34022417 0.75345775 0.04091234 0.92532036]
This is D, the result of a function: 
 [[0.63283742 0.29713082 0.19147828 0.99168737]
 [1.20404373 0.13637693 0.08406795 3.45140259]
 [1.17841731 3.70792922 0.1844291  3.19075275]]
The real part of my complex number is: 2.0
The imaginary part of my complex number is: 3.0
The absolute value of my complex number is:  3.605551275463989
Brian Cano is done with HW2